out_file1.txt
out_file2.txt
1:  2 7 						      |	1:  2 8 
2:  1 3 5 8 						      |	2:  1 3 5 
							      >	3:  7 
out_file3.txt
1:  4 16 						      |	1:  4 12 
2:  2 6 12 18 						      |	2:  2 6 10 16 
3:  1 3 5 7 10 14 17 19 				      |	3:  1 3 5 7 9 11 14 18 
4:  9 11 13 15 20 					      |	4:  13 15 17 19 
							      >	5:  20 
1:  4 16 						      |	1:  4 12 
2:  2 6 12 18 						      |	2:  2 6 10 16 
3:  1 3 5 10 14 17 19 					      |	3:  1 3 5 9 11 14 18 
4:  9 11 13 15 20 					      |	4:  13 15 17 19 
							      >	5:  20 
1:  4 16 						      |	1:  4 12 
2:  2 5 12 18 						      |	2:  2 5 10 16 
3:  1 3 10 14 17 19 					      |	3:  1 3 9 11 14 18 
4:  9 11 13 15 20 					      |	4:  13 15 17 19 
							      >	5:  20 
1:  2 16 						      |	1:  4 12 
2:  1 4 12 18 						      |	2:  2 10 16 
3:  3 10 14 17 19 					      |	3:  1 3 9 11 14 18 
4:  9 11 13 15 20 					      |	4:  13 15 17 19 
							      >	5:  20 
0:  16 							      |	0:  12 
1:  4 18 						      |	1:  4 16 
2:  2 12 17 19 						      |	2:  2 10 14 18 
3:  1 3 10 14 20 					      |	3:  1 3 9 11 13 15 17 19 
4:  9 11 13 15 						      |	4:  20 
0:  15 							      |	0:  12 
1:  4 18 						      |	1:  4 15 
2:  2 12 17 19 						      |	2:  2 10 14 18 
3:  1 3 10 14 20 					      |	3:  1 3 9 11 13 17 19 
4:  9 11 13 						      |	4:  20 
0:  14 							      |	0:  12 
2:  2 12 17 19 						      |	2:  2 10 14 19 
3:  1 3 10 13 20 					      |	3:  1 3 9 11 13 17 20 
4:  9 11 						      <
0:  13 							      |	0:  12 
2:  2 10 17 19 						      |	2:  2 10 13 19 
3:  1 3 9 12 20 					      |	3:  1 3 9 11 17 20 
4:  11 							      <
1:  2 18 						      |	1:  4 18 
2:  1 4 17 19 						      |	2:  2 17 19 
3:  3 20 						      |	3:  1 3 20 
out_file4.txt
1:  5 12 						      |	1:  2 12 
2:  2 6 9 14 						      |	2:  1 5 9 14 
3:  1 3 8 11 13 15 					      |	3:  3 6 8 11 13 15 
1:  5 12 						      |	1:  2 12 
2:  2 6 9 14 						      |	2:  1 5 9 14 
3:  1 8 11 13 15 					      |	3:  6 8 11 13 15 
0:  9 							      |	0:  7 
1:  7 12 						      |	1:  2 12 
2:  2 8 11 14 						      |	2:  1 6 9 14 
3:  1 6 10 13 15 					      |	3:  8 11 13 15 
							      >	4:  10 
0:  9 							      |	0:  7 
1:  7 12 						      |	1:  1 12 
2:  1 8 11 14 						      |	2:  6 9 14 
3:  6 10 13 15 						      |	3:  8 11 13 15 
							      >	4:  10 
0:  9 							      |	0:  7 
1:  6 12 						      |	1:  1 12 
2:  1 7 11 14 						      |	2:  6 9 14 
3:  10 13 15 						      |	3:  11 13 15 
							      >	4:  10 
1:  6 12 						      |	1:  1 12 
2:  1 11 14 						      |	2:  6 11 14 
1:  10 14 						      |	1:  6 14 
2:  6 11 13 15 						      |	2:  11 13 15 
							      >	3:  10 
1:  10 14 						      |	1:  11 14 
2:  11 13 15 						      |	2:  10 13 15 
1:  10 13 						      |	1:  11 13 
2:  11 15 						      |	2:  10 15 
out_file5.txt
0:  -43 						      |	0:  -35 
1:  -47 -35 						      |	1:  -43 -31 
2:  -49 -45 -39 -33 					      |	2:  -47 -39 -33 -30 
3:  -50 -48 -46 -44 -41 -37 -34 -31 			      |	3:  -49 -45 -41 -37 -34 -32 
4:  -42 -40 -38 -36 -32 -30 				      |	4:  -50 -48 -46 -44 -42 -40 -38 -36 
2:  -47 -39 -31 -19 					      |	2:  -47 -39 -31 -23 
3:  -49 -45 -41 -37 -33 -29 -23 -17 			      |	3:  -49 -45 -41 -37 -33 -29 -25 -19 
4:  -50 -48 -46 -44 -42 -40 -38 -36 -34 -32 -30 -28 -25 -21 - |	4:  -50 -48 -46 -44 -42 -40 -38 -36 -34 -32 -30 -28 -26 -24 -
5:  -26 -24 -22 -20 -15 				      |	5:  -22 -20 -18 -16 
							      >	6:  -15 
0:  -35 						      |	0:  -27 
1:  -43 -19 						      |	1:  -35 -19 
2:  -47 -39 -27 -15 					      |	2:  -43 -31 -23 -15 
3:  -49 -45 -41 -37 -31 -23 -17 -13 			      |	3:  -47 -39 -33 -29 -25 -21 -17 -11 
4:  -50 -48 -46 -44 -42 -40 -38 -36 -33 -29 -25 -21 -18 -16 - |	4:  -49 -45 -41 -37 -34 -32 -30 -28 -26 -24 -22 -20 -18 -16 -
5:  -34 -32 -30 -28 -26 -24 -22 -20 -12 -10 		      |	5:  -50 -48 -46 -44 -42 -40 -38 -36 -14 -12 
0:  -35 						      |	0:  -27 
1:  -43 -19 						      |	1:  -35 -19 
2:  -47 -39 -27 -11 					      |	2:  -43 -31 -23 -11 
3:  -49 -45 -41 -37 -31 -23 -15 -7 			      |	3:  -47 -39 -33 -29 -25 -21 -15 -7 
4:  -50 -48 -46 -44 -42 -40 -38 -36 -33 -29 -25 -21 -17 -13 - |	4:  -49 -45 -41 -37 -34 -32 -30 -28 -26 -24 -22 -20 -17 -13 -
5:  -34 -32 -30 -28 -26 -24 -22 -20 -18 -16 -14 -12 -10 -8 -5 |	5:  -50 -48 -46 -44 -42 -40 -38 -36 -18 -16 -14 -12 -10 -8 -5
0:  -19 						      |	0:  -27 
2:  -43 -27 -15 -7 					      |	2:  -43 -31 -19 -7 
3:  -47 -39 -31 -23 -17 -13 -9 -3 			      |	3:  -47 -39 -33 -29 -23 -15 -9 -3 
4:  -49 -45 -41 -37 -33 -29 -25 -21 -18 -16 -14 -12 -10 -8 -5 |	4:  -49 -45 -41 -37 -34 -32 -30 -28 -25 -21 -17 -13 -10 -8 -5
5:  -50 -48 -46 -44 -42 -40 -38 -36 -34 -32 -30 -28 -26 -24 - |	5:  -50 -48 -46 -44 -42 -40 -38 -36 -26 -24 -22 -20 -18 -16 -
0:  -19 						      |	0:  -27 
1:  -35 -3 						      |	1:  -35 -11 
2:  -43 -27 -11 1 					      |	2:  -43 -31 -19 -3 
3:  -47 -39 -31 -23 -15 -7 -1 3 			      |	3:  -47 -39 -33 -29 -23 -15 -7 1 
4:  -49 -45 -41 -37 -33 -29 -25 -21 -17 -13 -9 -5 -2 0 2 4    |	4:  -49 -45 -41 -37 -34 -32 -30 -28 -25 -21 -17 -13 -9 -5 -1 
5:  -50 -48 -46 -44 -42 -40 -38 -36 -34 -32 -30 -28 -26 -24 - |	5:  -50 -48 -46 -44 -42 -40 -38 -36 -26 -24 -22 -20 -18 -16 -
							      >	6:  5 
0:  -19 						      |	0:  -27 
1:  -35 -3 						      |	1:  -35 -11 
2:  -43 -27 -11 5 					      |	2:  -43 -31 -19 5 
3:  -47 -39 -31 -23 -15 -7 1 7 				      |	3:  -47 -39 -33 -29 -23 -15 -3 9 
4:  -49 -45 -41 -37 -33 -29 -25 -21 -17 -13 -9 -5 -1 3 6 9    |	4:  -49 -45 -41 -37 -34 -32 -30 -28 -25 -21 -17 -13 -7 1 7 10
5:  -50 -48 -46 -44 -42 -40 -38 -36 -34 -32 -30 -28 -26 -24 - |	5:  -50 -48 -46 -44 -42 -40 -38 -36 -26 -24 -22 -20 -18 -16 -
							      >	6:  -10 -8 -6 -4 -2 0 2 4 
0:  -19 						      |	0:  -27 
2:  -43 -27 -11 5 					      |	2:  -43 -31 -11 5 
3:  -47 -39 -31 -23 -15 -7 1 9 				      |	3:  -47 -39 -33 -29 -19 -7 1 9 
4:  -49 -45 -41 -37 -33 -29 -25 -21 -17 -13 -9 -5 -1 3 7 13   |	4:  -49 -45 -41 -37 -34 -32 -30 -28 -23 -15 -9 -5 -1 3 7 13 
5:  -50 -48 -46 -44 -42 -40 -38 -36 -34 -32 -30 -28 -26 -24 - |	5:  -50 -48 -46 -44 -42 -40 -38 -36 -25 -21 -17 -13 -10 -8 -6
6:  10 12 15 						      |	6:  -26 -24 -22 -20 -18 -16 -14 -12 10 12 15 
0:  -19 						      |	0:  -27 
2:  -43 -27 -11 5 					      |	2:  -43 -31 -11 13 
3:  -47 -39 -31 -23 -15 -7 1 13 			      |	3:  -47 -39 -33 -29 -19 -7 5 17 
4:  -49 -45 -41 -37 -33 -29 -25 -21 -17 -13 -9 -5 -1 3 9 17   |	4:  -49 -45 -41 -37 -34 -32 -30 -28 -23 -15 -9 -5 1 9 15 19 
5:  -50 -48 -46 -44 -42 -40 -38 -36 -34 -32 -30 -28 -26 -24 - |	5:  -50 -48 -46 -44 -42 -40 -38 -36 -25 -21 -17 -13 -10 -8 -6
6:  6 8 10 12 14 16 18 20 				      |	6:  -26 -24 -22 -20 -18 -16 -14 -12 -2 0 2 4 6 8 10 12 
0:  -19 						      |	0:  -27 
2:  -43 -27 -11 13 					      |	2:  -43 -31 -11 13 
3:  -47 -39 -31 -23 -15 -7 5 21 			      |	3:  -47 -39 -33 -29 -19 -7 5 17 
4:  -49 -45 -41 -37 -33 -29 -25 -21 -17 -13 -9 -5 1 9 17 23   |	4:  -49 -45 -41 -37 -34 -32 -30 -28 -23 -15 -9 -5 1 9 15 21 
5:  -50 -48 -46 -44 -42 -40 -38 -36 -34 -32 -30 -28 -26 -24 - |	5:  -50 -48 -46 -44 -42 -40 -38 -36 -25 -21 -17 -13 -10 -8 -6
6:  -2 0 2 4 6 8 10 12 14 16 18 20 25 			      |	6:  -26 -24 -22 -20 -18 -16 -14 -12 -2 0 2 4 6 8 10 12 18 20 
							      >	7:  25 
0:  -19 						      |	0:  -27 
1:  -35 13 						      |	1:  -35 -3 
2:  -43 -27 -3 21 					      |	2:  -43 -31 -11 13 
3:  -47 -39 -31 -23 -11 5 17 25 			      |	3:  -47 -39 -33 -29 -19 -7 5 21 
4:  -49 -45 -41 -37 -33 -29 -25 -21 -15 -7 1 9 15 19 23 27    |	4:  -49 -45 -41 -37 -34 -32 -30 -28 -23 -15 -9 -5 1 9 17 25 
5:  -50 -48 -46 -44 -42 -40 -38 -36 -34 -32 -30 -28 -26 -24 - |	5:  -50 -48 -46 -44 -42 -40 -38 -36 -25 -21 -17 -13 -10 -8 -6
6:  -18 -16 -14 -12 -10 -8 -6 -4 -2 0 2 4 6 8 10 12 28 30     |	6:  -26 -24 -22 -20 -18 -16 -14 -12 -2 0 2 4 6 8 10 12 14 16 
							      >	7:  26 28 
0:  -19 						      |	0:  -27 
1:  -35 13 						      |	1:  -35 -3 
2:  -43 -27 -3 21 					      |	2:  -43 -31 -11 13 
3:  -47 -39 -31 -23 -11 5 17 29 			      |	3:  -47 -39 -33 -29 -19 -7 5 21 
4:  -49 -45 -41 -37 -33 -29 -25 -21 -15 -7 1 9 15 19 25 33    |	4:  -49 -45 -41 -37 -34 -32 -30 -28 -23 -15 -9 -5 1 9 17 29 
5:  -50 -48 -46 -44 -42 -40 -38 -36 -34 -32 -30 -28 -26 -24 - |	5:  -50 -48 -46 -44 -42 -40 -38 -36 -25 -21 -17 -13 -10 -8 -6
6:  -18 -16 -14 -12 -10 -8 -6 -4 -2 0 2 4 6 8 10 12 22 24 26  |	6:  -26 -24 -22 -20 -18 -16 -14 -12 -2 0 2 4 6 8 10 12 14 16 
							      >	7:  22 24 26 28 30 32 35 
0:  -19 						      |	0:  -3 
1:  -35 13 						      |	1:  -27 21 
2:  -43 -27 -3 29 					      |	2:  -35 -11 13 29 
3:  -47 -39 -31 -23 -11 5 21 33 			      |	3:  -43 -31 -19 -7 5 17 25 33 
4:  -49 -45 -41 -37 -33 -29 -25 -21 -15 -7 1 9 17 25 31 37    |	4:  -47 -39 -33 -29 -23 -15 -9 -5 1 9 15 19 23 27 31 37 
5:  -50 -48 -46 -44 -42 -40 -38 -36 -34 -32 -30 -28 -26 -24 - |	5:  -49 -45 -41 -37 -34 -32 -30 -28 -25 -21 -17 -13 -10 -8 -6
6:  -18 -16 -14 -12 -10 -8 -6 -4 -2 0 2 4 6 8 10 12 14 16 18  |	6:  -50 -48 -46 -44 -42 -40 -38 -36 -26 -24 -22 -20 -18 -16 -
0:  13 							      |	0:  -3 
1:  -19 29 						      |	1:  -27 21 
2:  -35 -3 21 37 					      |	2:  -35 -11 13 29 
3:  -43 -27 -11 5 17 25 33 41 				      |	3:  -43 -31 -19 -7 5 17 25 37 
4:  -47 -39 -31 -23 -15 -7 1 9 15 19 23 27 31 35 39 43 	      |	4:  -47 -39 -33 -29 -23 -15 -9 -5 1 9 15 19 23 27 33 41 
5:  -49 -45 -41 -37 -33 -29 -25 -21 -17 -13 -9 -5 -1 3 7 11 1 |	5:  -49 -45 -41 -37 -34 -32 -30 -28 -25 -21 -17 -13 -10 -8 -6
6:  -50 -48 -46 -44 -42 -40 -38 -36 -34 -32 -30 -28 -26 -24 - |	6:  -50 -48 -46 -44 -42 -40 -38 -36 -26 -24 -22 -20 -18 -16 -
							      >	7:  45 
0:  13 							      |	0:  -3 
1:  -19 29 						      |	1:  -27 21 
2:  -35 -3 21 37 					      |	2:  -35 -11 13 37 
3:  -43 -27 -11 5 17 25 33 45 				      |	3:  -43 -31 -19 -7 5 17 29 45 
4:  -47 -39 -31 -23 -15 -7 1 9 15 19 23 27 31 35 41 47 	      |	4:  -47 -39 -33 -29 -23 -15 -9 -5 1 9 15 19 25 33 41 49 
5:  -49 -45 -41 -37 -33 -29 -25 -21 -17 -13 -9 -5 -1 3 7 11 1 |	5:  -49 -45 -41 -37 -34 -32 -30 -28 -25 -21 -17 -13 -10 -8 -6
6:  -50 -48 -46 -44 -42 -40 -38 -36 -34 -32 -30 -28 -26 -24 - |	6:  -50 -48 -46 -44 -42 -40 -38 -36 -26 -24 -22 -20 -18 -16 -
0:  13 							      |	0:  -3 
1:  -19 29 						      |	1:  -27 21 
2:  -35 -3 21 37 					      |	2:  -35 -11 13 37 
3:  -39 -27 -11 5 17 25 33 45 				      |	3:  -43 -31 -19 -7 5 17 29 45 
4:  -43 -37 -31 -23 -15 -7 1 9 15 19 23 27 31 35 41 47 	      |	4:  -44 -39 -33 -29 -23 -15 -9 -5 1 9 15 19 25 33 41 49 
5:  -44 -41 -38 -36 -33 -29 -25 -21 -17 -13 -9 -5 -1 3 7 11 1 |	5:  -41 -37 -34 -32 -30 -28 -25 -21 -17 -13 -10 -8 -6 -4 -1 3
6:  -42 -40 -34 -32 -30 -28 -26 -24 -22 -20 -18 -16 -14 -12 - |	6:  -42 -40 -38 -36 -26 -24 -22 -20 -18 -16 -14 -12 -2 0 2 4 
0:  13 							      |	0:  -3 
1:  -19 29 						      |	1:  -27 21 
2:  -35 -3 21 37 					      |	2:  -35 -11 13 37 
3:  -39 -27 -11 5 17 25 33 45 				      |	3:  -39 -31 -19 -7 5 17 29 45 
4:  -44 -37 -31 -23 -15 -7 1 9 15 19 23 27 31 35 41 47 	      |	4:  -44 -37 -33 -29 -23 -15 -9 -5 1 9 15 19 25 33 41 49 
5:  -38 -36 -33 -29 -25 -21 -17 -13 -9 -5 -1 3 7 11 14 16 18  |	5:  -38 -36 -34 -32 -30 -28 -25 -21 -17 -13 -10 -8 -6 -4 -1 3
6:  -34 -32 -30 -28 -26 -24 -22 -20 -18 -16 -14 -12 -10 -8 -6 |	6:  -26 -24 -22 -20 -18 -16 -14 -12 -2 0 2 4 6 8 10 12 22 24 
0:  13 							      |	0:  -3 
1:  -19 29 						      |	1:  -27 21 
2:  -27 -3 21 37 					      |	2:  -31 -11 13 37 
3:  -31 -23 -11 5 17 25 33 45 				      |	3:  -44 -29 -19 -7 5 17 29 45 
4:  -33 -29 -25 -21 -15 -7 1 9 15 19 23 27 31 35 41 47 	      |	4:  -33 -30 -28 -23 -15 -9 -5 1 9 15 19 25 33 41 49 
5:  -44 -32 -30 -28 -26 -24 -22 -20 -17 -13 -9 -5 -1 3 7 11 1 |	5:  -34 -32 -25 -21 -17 -13 -10 -8 -6 -4 -1 3 7 11 14 16 18 2
6:  -34 -18 -16 -14 -12 -10 -8 -6 -4 -2 0 2 4 6 8 10 12 38 40 |	6:  -26 -24 -22 -20 -18 -16 -14 -12 -2 0 2 4 6 8 10 12 22 24 
0:  13 							      |	0:  -3 
1:  -19 29 						      |	1:  -27 21 
2:  -27 -3 21 37 					      |	2:  -29 -11 13 37 
3:  -29 -23 -11 5 17 25 33 45 				      |	3:  -44 -28 -19 -7 5 17 29 45 
4:  -44 -28 -25 -21 -15 -7 1 9 15 19 23 27 31 35 41 47 	      |	4:  -23 -15 -9 -5 1 9 15 19 25 33 41 49 
5:  -26 -24 -22 -20 -17 -13 -9 -5 -1 3 7 11 14 16 18 20 22 24 |	5:  -25 -21 -17 -13 -10 -8 -6 -4 -1 3 7 11 14 16 18 20 23 27 
6:  -18 -16 -14 -12 -10 -8 -6 -4 -2 0 2 4 6 8 10 12 38 40 42  |	6:  -26 -24 -22 -20 -18 -16 -14 -12 -2 0 2 4 6 8 10 12 22 24 
0:  13 							      |	0:  -3 
1:  -3 29 						      |	1:  -44 21 
2:  -19 5 21 37 					      |	2:  -11 13 37 
3:  -23 -11 1 9 17 25 33 45 				      |	3:  -19 -7 5 17 29 45 
4:  -44 -21 -15 -7 -1 3 7 11 15 19 23 27 31 35 41 47 	      |	4:  -23 -15 -9 -5 1 9 15 19 25 33 41 49 
5:  -24 -22 -20 -17 -13 -9 -5 -2 0 2 4 6 8 10 12 14 16 18 20  |	5:  -24 -21 -17 -13 -10 -8 -6 -4 -1 3 7 11 14 16 18 20 23 27 
6:  -18 -16 -14 -12 -10 -8 -6 -4 38 40 42 48 50 	      |	6:  -22 -20 -18 -16 -14 -12 -2 0 2 4 6 8 10 12 22 24 26 28 30
0:  13 							      |	0:  -3 
1:  -3 29 						      |	1:  -44 21 
2:  -11 5 21 37 					      |	2:  -11 13 37 
3:  -15 -7 1 9 17 25 33 45 				      |	3:  -19 -7 5 17 29 45 
4:  -19 -13 -9 -5 -1 3 7 11 15 19 23 27 31 35 41 47 	      |	4:  -15 -9 -5 1 9 15 19 25 33 41 49 
5:  -44 -17 -14 -12 -10 -8 -6 -4 -2 0 2 4 6 8 10 12 14 16 18  |	5:  -17 -13 -10 -8 -6 -4 -1 3 7 11 14 16 18 20 23 27 31 35 39
6:  -18 -16 38 40 42 48 50 				      |	6:  -18 -16 -14 -12 -2 0 2 4 6 8 10 12 22 24 26 28 30 32 34 3
0:  13 							      |	0:  -3 
1:  -3 29 						      |	1:  -44 21 
2:  -11 5 21 37 					      |	2:  -11 13 37 
3:  -13 -7 1 9 17 25 33 45 				      |	3:  -13 -7 5 17 29 45 
4:  -44 -12 -9 -5 -1 3 7 11 15 19 23 27 31 35 41 47 	      |	4:  -14 -12 -9 -5 1 9 15 19 25 33 41 49 
5:  -14 -10 -8 -6 -4 -2 0 2 4 6 8 10 12 14 16 18 20 22 24 26  |	5:  -10 -8 -6 -4 -1 3 7 11 14 16 18 20 23 27 31 35 39 43 47 5
6:  38 40 42 48 50 					      |	6:  -2 0 2 4 6 8 10 12 22 24 26 28 30 32 34 36 38 40 42 46 48
0:  13 							      |	0:  -3 
1:  -3 29 						      |	1:  -44 21 
2:  -7 5 21 37 						      |	2:  -7 13 37 
3:  -9 -5 1 9 17 25 33 45 				      |	3:  -9 -5 5 17 29 45 
4:  -44 -8 -6 -4 -1 3 7 11 15 19 23 27 31 35 41 47 	      |	4:  -8 -6 -4 1 9 15 19 25 33 41 49 
5:  -2 0 2 4 6 8 10 12 14 16 18 20 22 24 26 28 30 32 34 36 39 |	5:  -1 3 7 11 14 16 18 20 23 27 31 35 39 43 47 50 
6:  38 40 42 48 50 					      |	6:  -2 0 2 4 6 8 10 12 22 24 26 28 30 32 34 36 38 40 42 46 48
0:  13 							      |	0:  -3 
1:  5 29 						      |	1:  -44 21 
2:  -3 9 21 37 						      |	2:  -4 13 37 
3:  -44 1 7 11 17 25 33 45 				      |	3:  5 17 29 45 
4:  -4 -1 3 6 8 10 12 15 19 23 27 31 35 41 47 		      |	4:  1 9 15 19 25 33 41 49 
5:  -2 0 2 4 14 16 18 20 22 24 26 28 30 32 34 36 39 43 46 49  |	5:  -1 3 7 11 14 16 18 20 23 27 31 35 39 43 47 50 
6:  38 40 42 48 50 					      |	6:  -2 0 2 4 6 8 10 12 22 24 26 28 30 32 34 36 38 40 42 46 48
0:  29 							      |	0:  21 
1:  13 37 						      |	1:  -44 37 
2:  5 21 33 45 						      |	2:  13 29 45 
3:  1 9 17 25 31 35 41 47 				      |	3:  5 17 25 33 41 49 
4:  -44 3 7 11 15 19 23 27 30 32 34 36 39 43 46 49 	      |	4:  1 9 15 19 23 27 31 35 39 43 47 50 
5:  2 4 6 8 10 12 14 16 18 20 22 24 26 28 38 40 42 48 50      |	5:  3 7 11 14 16 18 20 22 24 26 28 30 32 34 36 38 40 42 46 48
							      >	6:  2 4 6 8 10 12 
0:  29 							      |	0:  21 
1:  13 37 						      |	1:  -44 37 
2:  9 21 33 45 						      |	2:  13 29 45 
3:  7 11 17 25 31 35 41 47 				      |	3:  9 17 25 33 41 49 
4:  -44 8 10 12 15 19 23 27 30 32 34 36 39 43 46 49 	      |	4:  7 11 15 19 23 27 31 35 39 43 47 50 
5:  6 14 16 18 20 22 24 26 28 38 40 42 48 50 		      |	5:  6 8 10 12 14 16 18 20 22 24 26 28 30 32 34 36 38 40 42 46
0:  29 							      |	0:  21 
1:  21 37 						      |	1:  -44 37 
2:  13 25 33 45 					      |	2:  13 29 45 
3:  11 17 23 27 31 35 41 47 				      |	3:  11 17 25 33 41 49 
4:  -44 12 15 19 22 24 26 28 30 32 34 36 39 43 46 49 	      |	4:  12 15 19 23 27 31 35 39 43 47 50 
5:  14 16 18 20 38 40 42 48 50 				      |	5:  14 16 18 20 22 24 26 28 30 32 34 36 38 40 42 46 48 
0:  29 							      |	0:  21 
1:  21 37 						      |	1:  -44 37 
2:  17 25 33 45 					      |	2:  17 29 45 
3:  -44 19 23 27 31 35 41 47 				      |	3:  16 19 25 33 41 49 
4:  16 18 20 22 24 26 28 30 32 34 36 39 43 46 49 	      |	4:  18 20 23 27 31 35 39 43 47 50 
5:  38 40 42 48 50 					      |	5:  22 24 26 28 30 32 34 36 38 40 42 46 48 
0:  29 							      |	0:  21 
1:  25 37 						      |	1:  -44 37 
2:  21 27 33 45 					      |	2:  29 45 
3:  -44 23 26 28 31 35 41 47 				      |	3:  25 33 41 49 
4:  22 24 30 32 34 36 39 43 46 49 			      |	4:  23 27 31 35 39 43 47 50 
5:  38 40 42 48 50 					      |	5:  22 24 26 28 30 32 34 36 38 40 42 46 48 
1:  29 45 						      |	1:  -44 45 
2:  27 33 41 47 					      |	2:  29 41 49 
3:  -44 28 31 35 39 43 46 49 				      |	3:  27 33 39 43 47 50 
4:  26 30 32 34 36 38 40 42 48 50 			      |	4:  26 28 31 35 38 40 42 46 48 
							      >	5:  30 32 34 36 
1:  33 45 						      |	1:  -44 45 
2:  31 35 41 47 					      |	2:  33 41 49 
3:  -44 32 34 36 39 43 46 49 				      |	3:  31 35 39 43 47 50 
4:  38 40 42 48 50 					      |	4:  32 34 36 38 40 42 46 48 
0:  45 							      |	0:  37 
1:  37 47 						      |	1:  -44 45 
2:  -44 41 46 49 					      |	2:  36 41 49 
3:  36 39 43 48 50 					      |	3:  39 43 47 50 
4:  38 40 42 						      |	4:  38 40 42 46 48 
1:  41 47 						      |	1:  -44 49 
2:  -44 43 46 49 					      |	2:  41 47 50 
3:  42 48 50 						      |	3:  43 46 48 
							      >	4:  42 
0:  47 							      |	0:  -44 
1:  -44 49 						      |	1:  49 
2:  46 48 50 						      |	2:  47 50 
							      >	3:  46 48 
