Add -50 True
Add -49 True
Add -48 True
Add -47 True
Add -46 True
Add -45 True
PrintBST
0:  -47 
1:  -49 -46 
2:  -50 -48 -45 

Add -44 True
Add -43 True
Add -42 True
Add -41 True
Add -40 True
PrintBST
0:  -47 
1:  -49 -43 
2:  -50 -48 -45 -41 
3:  -46 -44 -42 -40 

Add -39 True
Add -38 True
Add -37 True
Add -36 True
Add -35 True
PrintBST
0:  -43 
1:  -47 -39 
2:  -49 -45 -41 -37 
3:  -50 -48 -46 -44 -42 -40 -38 -36 
4:  -35 

Add -34 True
Add -33 True
Add -32 True
Add -31 True
Add -30 True
PrintBST
0:  -35 
1:  -43 -31 
2:  -47 -39 -33 -30 
3:  -49 -45 -41 -37 -34 -32 
4:  -50 -48 -46 -44 -42 -40 -38 -36 

Add -29 True
Add -28 True
Add -27 True
Add -26 True
Add -25 True
PrintBST
0:  -35 
1:  -43 -31 
2:  -47 -39 -33 -27 
3:  -49 -45 -41 -37 -34 -32 -29 -26 
4:  -50 -48 -46 -44 -42 -40 -38 -36 -30 -28 -25 

Add -24 True
Add -23 True
Add -22 True
Add -21 True
Add -20 True
PrintBST
0:  -35 
1:  -43 -27 
2:  -47 -39 -31 -23 
3:  -49 -45 -41 -37 -33 -29 -25 -21 
4:  -50 -48 -46 -44 -42 -40 -38 -36 -34 -32 -30 -28 -26 -24 -22 -20 

Add -19 True
Add -18 True
Add -17 True
Add -16 True
Add -15 True
PrintBST
0:  -35 
1:  -43 -27 
2:  -47 -39 -31 -23 
3:  -49 -45 -41 -37 -33 -29 -25 -19 
4:  -50 -48 -46 -44 -42 -40 -38 -36 -34 -32 -30 -28 -26 -24 -21 -17 
5:  -22 -20 -18 -16 
6:  -15 

Add -14 True
Add -13 True
Add -12 True
Add -11 True
Add -10 True
PrintBST
0:  -27 
1:  -35 -19 
2:  -43 -31 -23 -15 
3:  -47 -39 -33 -29 -25 -21 -17 -11 
4:  -49 -45 -41 -37 -34 -32 -30 -28 -26 -24 -22 -20 -18 -16 -13 -10 
5:  -50 -48 -46 -44 -42 -40 -38 -36 -14 -12 

Add -9 True
Add -8 True
Add -7 True
Add -6 True
Add -5 True
PrintBST
0:  -27 
1:  -35 -19 
2:  -43 -31 -23 -11 
3:  -47 -39 -33 -29 -25 -21 -15 -7 
4:  -49 -45 -41 -37 -34 -32 -30 -28 -26 -24 -22 -20 -17 -13 -9 -6 
5:  -50 -48 -46 -44 -42 -40 -38 -36 -18 -16 -14 -12 -10 -8 -5 

Add -4 True
Add -3 True
Add -2 True
Add -1 True
Add -0 True
PrintBST
0:  -27 
1:  -35 -11 
2:  -43 -31 -19 -7 
3:  -47 -39 -33 -29 -23 -15 -9 -3 
4:  -49 -45 -41 -37 -34 -32 -30 -28 -25 -21 -17 -13 -10 -8 -5 -1 
5:  -50 -48 -46 -44 -42 -40 -38 -36 -26 -24 -22 -20 -18 -16 -14 -12 -6 -4 -2 0 

Add 1 True
Add 2 True
Add 3 True
Add 4 True
Add 5 True
PrintBST
0:  -27 
1:  -35 -11 
2:  -43 -31 -19 -3 
3:  -47 -39 -33 -29 -23 -15 -7 1 
4:  -49 -45 -41 -37 -34 -32 -30 -28 -25 -21 -17 -13 -9 -5 -1 3 
5:  -50 -48 -46 -44 -42 -40 -38 -36 -26 -24 -22 -20 -18 -16 -14 -12 -10 -8 -6 -4 -2 0 2 4 
6:  5 

Add 6 True
Add 7 True
Add 8 True
Add 9 True
Add 10 True
PrintBST
0:  -27 
1:  -35 -11 
2:  -43 -31 -19 5 
3:  -47 -39 -33 -29 -23 -15 -3 9 
4:  -49 -45 -41 -37 -34 -32 -30 -28 -25 -21 -17 -13 -7 1 7 10 
5:  -50 -48 -46 -44 -42 -40 -38 -36 -26 -24 -22 -20 -18 -16 -14 -12 -9 -5 -1 3 6 8 
6:  -10 -8 -6 -4 -2 0 2 4 

Add 11 True
Add 12 True
Add 13 True
Add 14 True
Add 15 True
PrintBST
0:  -27 
1:  -35 -3 
2:  -43 -31 -11 5 
3:  -47 -39 -33 -29 -19 -7 1 9 
4:  -49 -45 -41 -37 -34 -32 -30 -28 -23 -15 -9 -5 -1 3 7 13 
5:  -50 -48 -46 -44 -42 -40 -38 -36 -25 -21 -17 -13 -10 -8 -6 -4 -2 0 2 4 6 8 11 14 
6:  -26 -24 -22 -20 -18 -16 -14 -12 10 12 15 

Add 16 True
Add 17 True
Add 18 True
Add 19 True
Add 20 True
PrintBST
0:  -27 
1:  -35 -3 
2:  -43 -31 -11 13 
3:  -47 -39 -33 -29 -19 -7 5 17 
4:  -49 -45 -41 -37 -34 -32 -30 -28 -23 -15 -9 -5 1 9 15 19 
5:  -50 -48 -46 -44 -42 -40 -38 -36 -25 -21 -17 -13 -10 -8 -6 -4 -1 3 7 11 14 16 18 20 
6:  -26 -24 -22 -20 -18 -16 -14 -12 -2 0 2 4 6 8 10 12 

Add 21 True
Add 22 True
Add 23 True
Add 24 True
Add 25 True
PrintBST
0:  -27 
1:  -35 -3 
2:  -43 -31 -11 13 
3:  -47 -39 -33 -29 -19 -7 5 17 
4:  -49 -45 -41 -37 -34 -32 -30 -28 -23 -15 -9 -5 1 9 15 21 
5:  -50 -48 -46 -44 -42 -40 -38 -36 -25 -21 -17 -13 -10 -8 -6 -4 -1 3 7 11 14 16 19 23 
6:  -26 -24 -22 -20 -18 -16 -14 -12 -2 0 2 4 6 8 10 12 18 20 22 24 
7:  25 

Add 26 True
Add 27 True
Add 28 True
Add 29 True
Add 30 True
PrintBST
0:  -27 
1:  -35 -3 
2:  -43 -31 -11 13 
3:  -47 -39 -33 -29 -19 -7 5 21 
4:  -49 -45 -41 -37 -34 -32 -30 -28 -23 -15 -9 -5 1 9 17 25 
5:  -50 -48 -46 -44 -42 -40 -38 -36 -25 -21 -17 -13 -10 -8 -6 -4 -1 3 7 11 15 19 23 29 
6:  -26 -24 -22 -20 -18 -16 -14 -12 -2 0 2 4 6 8 10 12 14 16 18 20 22 24 27 30 
7:  26 28 

Add 31 True
Add 32 True
Add 33 True
Add 34 True
Add 35 True
PrintBST
0:  -27 
1:  -35 -3 
2:  -43 -31 -11 13 
3:  -47 -39 -33 -29 -19 -7 5 21 
4:  -49 -45 -41 -37 -34 -32 -30 -28 -23 -15 -9 -5 1 9 17 29 
5:  -50 -48 -46 -44 -42 -40 -38 -36 -25 -21 -17 -13 -10 -8 -6 -4 -1 3 7 11 15 19 25 33 
6:  -26 -24 -22 -20 -18 -16 -14 -12 -2 0 2 4 6 8 10 12 14 16 18 20 23 27 31 34 
7:  22 24 26 28 30 32 35 

Add 36 True
Add 37 True
Add 38 True
Add 39 True
Add 40 True
PrintBST
0:  -3 
1:  -27 21 
2:  -35 -11 13 29 
3:  -43 -31 -19 -7 5 17 25 33 
4:  -47 -39 -33 -29 -23 -15 -9 -5 1 9 15 19 23 27 31 37 
5:  -49 -45 -41 -37 -34 -32 -30 -28 -25 -21 -17 -13 -10 -8 -6 -4 -1 3 7 11 14 16 18 20 22 24 26 28 30 32 35 39 
6:  -50 -48 -46 -44 -42 -40 -38 -36 -26 -24 -22 -20 -18 -16 -14 -12 -2 0 2 4 6 8 10 12 34 36 38 40 

Add 41 True
Add 42 True
Add 43 True
Add 44 True
Add 45 True
PrintBST
0:  -3 
1:  -27 21 
2:  -35 -11 13 29 
3:  -43 -31 -19 -7 5 17 25 37 
4:  -47 -39 -33 -29 -23 -15 -9 -5 1 9 15 19 23 27 33 41 
5:  -49 -45 -41 -37 -34 -32 -30 -28 -25 -21 -17 -13 -10 -8 -6 -4 -1 3 7 11 14 16 18 20 22 24 26 28 31 35 39 43 
6:  -50 -48 -46 -44 -42 -40 -38 -36 -26 -24 -22 -20 -18 -16 -14 -12 -2 0 2 4 6 8 10 12 30 32 34 36 38 40 42 44 
7:  45 

Add 46 True
Add 47 True
Add 48 True
Add 49 True
Add 50 True
PrintBST
0:  -3 
1:  -27 21 
2:  -35 -11 13 37 
3:  -43 -31 -19 -7 5 17 29 45 
4:  -47 -39 -33 -29 -23 -15 -9 -5 1 9 15 19 25 33 41 49 
5:  -49 -45 -41 -37 -34 -32 -30 -28 -25 -21 -17 -13 -10 -8 -6 -4 -1 3 7 11 14 16 18 20 23 27 31 35 39 43 47 50 
6:  -50 -48 -46 -44 -42 -40 -38 -36 -26 -24 -22 -20 -18 -16 -14 -12 -2 0 2 4 6 8 10 12 22 24 26 28 30 32 34 36 38 40 42 44 46 48 

Remove -50 True
Remove -49 True
Remove -48 True
Remove -47 True
Remove -46 True
Remove -45 True
PrintBST
0:  -3 
1:  -27 21 
2:  -35 -11 13 37 
3:  -43 -31 -19 -7 5 17 29 45 
4:  -44 -39 -33 -29 -23 -15 -9 -5 1 9 15 19 25 33 41 49 
5:  -41 -37 -34 -32 -30 -28 -25 -21 -17 -13 -10 -8 -6 -4 -1 3 7 11 14 16 18 20 23 27 31 35 39 43 47 50 
6:  -42 -40 -38 -36 -26 -24 -22 -20 -18 -16 -14 -12 -2 0 2 4 6 8 10 12 22 24 26 28 30 32 34 36 38 40 42 44 46 48 

Remove 44 True
Remove -43 True
Remove -42 True
Remove -41 True
Remove -40 True
PrintBST
0:  -3 
1:  -27 21 
2:  -35 -11 13 37 
3:  -39 -31 -19 -7 5 17 29 45 
4:  -44 -37 -33 -29 -23 -15 -9 -5 1 9 15 19 25 33 41 49 
5:  -38 -36 -34 -32 -30 -28 -25 -21 -17 -13 -10 -8 -6 -4 -1 3 7 11 14 16 18 20 23 27 31 35 39 43 47 50 
6:  -26 -24 -22 -20 -18 -16 -14 -12 -2 0 2 4 6 8 10 12 22 24 26 28 30 32 34 36 38 40 42 46 48 

Remove -39 True
Remove -38 True
Remove -37 True
Remove -36 True
Remove -35 True
PrintBST
0:  -3 
1:  -27 21 
2:  -31 -11 13 37 
3:  -44 -29 -19 -7 5 17 29 45 
4:  -33 -30 -28 -23 -15 -9 -5 1 9 15 19 25 33 41 49 
5:  -34 -32 -25 -21 -17 -13 -10 -8 -6 -4 -1 3 7 11 14 16 18 20 23 27 31 35 39 43 47 50 
6:  -26 -24 -22 -20 -18 -16 -14 -12 -2 0 2 4 6 8 10 12 22 24 26 28 30 32 34 36 38 40 42 46 48 

Remove -34 True
Remove -33 True
Remove -32 True
Remove -31 True
Remove -30 True
PrintBST
0:  -3 
1:  -27 21 
2:  -29 -11 13 37 
3:  -44 -28 -19 -7 5 17 29 45 
4:  -23 -15 -9 -5 1 9 15 19 25 33 41 49 
5:  -25 -21 -17 -13 -10 -8 -6 -4 -1 3 7 11 14 16 18 20 23 27 31 35 39 43 47 50 
6:  -26 -24 -22 -20 -18 -16 -14 -12 -2 0 2 4 6 8 10 12 22 24 26 28 30 32 34 36 38 40 42 46 48 

Remove -29 True
Remove -28 True
Remove -27 True
Remove -26 True
Remove -25 True
PrintBST
0:  -3 
1:  -44 21 
2:  -11 13 37 
3:  -19 -7 5 17 29 45 
4:  -23 -15 -9 -5 1 9 15 19 25 33 41 49 
5:  -24 -21 -17 -13 -10 -8 -6 -4 -1 3 7 11 14 16 18 20 23 27 31 35 39 43 47 50 
6:  -22 -20 -18 -16 -14 -12 -2 0 2 4 6 8 10 12 22 24 26 28 30 32 34 36 38 40 42 46 48 

Remove -24 True
Remove -23 True
Remove -22 True
Remove -21 True
Remove -20 True
PrintBST
0:  -3 
1:  -44 21 
2:  -11 13 37 
3:  -19 -7 5 17 29 45 
4:  -15 -9 -5 1 9 15 19 25 33 41 49 
5:  -17 -13 -10 -8 -6 -4 -1 3 7 11 14 16 18 20 23 27 31 35 39 43 47 50 
6:  -18 -16 -14 -12 -2 0 2 4 6 8 10 12 22 24 26 28 30 32 34 36 38 40 42 46 48 

Remove -19 True
Remove -18 True
Remove -17 True
Remove -16 True
Remove -15 True
PrintBST
0:  -3 
1:  -44 21 
2:  -11 13 37 
3:  -13 -7 5 17 29 45 
4:  -14 -12 -9 -5 1 9 15 19 25 33 41 49 
5:  -10 -8 -6 -4 -1 3 7 11 14 16 18 20 23 27 31 35 39 43 47 50 
6:  -2 0 2 4 6 8 10 12 22 24 26 28 30 32 34 36 38 40 42 46 48 

Remove -14 True
Remove -13 True
Remove -12 True
Remove -11 True
Remove -10 True
PrintBST
0:  -3 
1:  -44 21 
2:  -7 13 37 
3:  -9 -5 5 17 29 45 
4:  -8 -6 -4 1 9 15 19 25 33 41 49 
5:  -1 3 7 11 14 16 18 20 23 27 31 35 39 43 47 50 
6:  -2 0 2 4 6 8 10 12 22 24 26 28 30 32 34 36 38 40 42 46 48 

Remove -9 True
Remove -8 True
Remove -7 True
Remove -6 True
Remove -5 True
PrintBST
0:  -3 
1:  -44 21 
2:  -4 13 37 
3:  5 17 29 45 
4:  1 9 15 19 25 33 41 49 
5:  -1 3 7 11 14 16 18 20 23 27 31 35 39 43 47 50 
6:  -2 0 2 4 6 8 10 12 22 24 26 28 30 32 34 36 38 40 42 46 48 

Remove -4 True
Remove -3 True
Remove -2 True
Remove -1 True
Remove -0 True
PrintBST
0:  21 
1:  -44 37 
2:  13 29 45 
3:  5 17 25 33 41 49 
4:  1 9 15 19 23 27 31 35 39 43 47 50 
5:  3 7 11 14 16 18 20 22 24 26 28 30 32 34 36 38 40 42 46 48 
6:  2 4 6 8 10 12 

Remove 1 True
Remove 2 True
Remove 3 True
Remove 4 True
Remove 5 True
PrintBST
0:  21 
1:  -44 37 
2:  13 29 45 
3:  9 17 25 33 41 49 
4:  7 11 15 19 23 27 31 35 39 43 47 50 
5:  6 8 10 12 14 16 18 20 22 24 26 28 30 32 34 36 38 40 42 46 48 

Remove 6 True
Remove 7 True
Remove 8 True
Remove 9 True
Remove 10 True
PrintBST
0:  21 
1:  -44 37 
2:  13 29 45 
3:  11 17 25 33 41 49 
4:  12 15 19 23 27 31 35 39 43 47 50 
5:  14 16 18 20 22 24 26 28 30 32 34 36 38 40 42 46 48 

Remove 11 True
Remove 12 True
Remove 13 True
Remove 14 True
Remove 15 True
PrintBST
0:  21 
1:  -44 37 
2:  17 29 45 
3:  16 19 25 33 41 49 
4:  18 20 23 27 31 35 39 43 47 50 
5:  22 24 26 28 30 32 34 36 38 40 42 46 48 

Remove 16 True
Remove 17 True
Remove 18 True
Remove 19 True
Remove 20 True
PrintBST
0:  21 
1:  -44 37 
2:  29 45 
3:  25 33 41 49 
4:  23 27 31 35 39 43 47 50 
5:  22 24 26 28 30 32 34 36 38 40 42 46 48 

Remove 21 True
Remove 22 True
Remove 23 True
Remove 24 True
Remove 25 True
PrintBST
0:  37 
1:  -44 45 
2:  29 41 49 
3:  27 33 39 43 47 50 
4:  26 28 31 35 38 40 42 46 48 
5:  30 32 34 36 

Remove 26 True
Remove 27 True
Remove 28 True
Remove 29 True
Remove 30 True
PrintBST
0:  37 
1:  -44 45 
2:  33 41 49 
3:  31 35 39 43 47 50 
4:  32 34 36 38 40 42 46 48 

Remove 31 True
Remove 32 True
Remove 33 True
Remove 34 True
Remove 35 True
PrintBST
0:  37 
1:  -44 45 
2:  36 41 49 
3:  39 43 47 50 
4:  38 40 42 46 48 

Remove 36 True
Remove 37 True
Remove 38 True
Remove 39 True
Remove 40 True
PrintBST
0:  45 
1:  -44 49 
2:  41 47 50 
3:  43 46 48 
4:  42 

Remove 41 True
Remove 42 True
Remove 43 True
Remove 44 False
Remove 45 True
PrintBST
0:  -44 
1:  49 
2:  47 50 
3:  46 48 

Remove 46 True
Remove 47 True
Remove 48 True
Remove 49 True
Remove 50 True
PrintBST
0:  -44 

